#p 991109.064607 M1.9 urabe
#p 99 11 09 06 45 47
#p 0200 0 19 839 19 869 -1
#p 0200 2 56 790 57 190 +0
#p 0200 3 31 359 31 359 -1 1.77e-06
#p 020C 0 20 037 20 049 +1
#p 020C 3 32 277 32 277 -1 6.89e-07
#p 0218 0 19 957 19 969 +1
#p 0218 2 29 790 30 190 +0
#p 0218 3 20 027 20 027 -1 1.28e-06
#p 0234 0 19 878 19 890 +1
#p 0234 3 30 618 30 618 -1 6.84e-06
#s 99/11/09 06:46                   99/11/10 18:26:03
#s ASO        D   6.854 0.015   0.000 0.000  43.9 1.77e-06   36.64934  139.45970    720
#s NIK        U   6.884 0.006   0.000 0.000   0.0 6.84e-06   36.62144  139.49072   1310
#s KBH        U   6.963 0.006   0.000 0.000  16.9 1.28e-06   36.65450  139.52824    750
#s KRO        U   7.043 0.006   0.000 0.000   0.0 6.89e-07   36.68685  139.49794    865
#s 
#f  99 11  9     6 46    .072   36.56514  139.44041  43.504   1.9
#f    CONV               .000    7.535      3.722    28.435
#f     13.852    26.507  -101.145    56.783  -213.033   808.578
#f              36.649 100.0 139.460 100.0  30.000  30.0
#f    4  ERI  4 ( 69.8% )  0 (   .0% )  3 ( 30.2% )
#f ASO        D    9.512  10.5 165.7   9.8  6.854  .018   .018   .000  .000   .000  .177E-05  1.9
#f NIK        U    7.709  35.8 168.4   7.9  6.884  .012  -.008   .000  .000   .000  .684E-05  2.6
#f KBH        U   12.660  38.4 161.1  12.9  6.963  .013   .009   .000  .000   .000  .128E-05  1.7
#f KRO        U   14.463  20.9 158.6  14.5  7.043  .013  -.009   .000  .000   .000  .689E-06  1.4
#f                                                        .012                .000
